  1:   0.9400  0.0600  1
  2:   0.3830  0.6170  1
  3:   0.1510  0.8490  1
  4:   0.0320  0.9680  1
  5:   0.0200  0.9800  1
  6:   0.4630  0.5370  1
  7:   0.7500  0.2500  1
  8:   0.8380  0.1620  1
  9:   0.0510  0.9490  1
 10:   0.9290  0.0710  1
 11:   0.3890  0.6110  1
 12:   0.6400  0.3600  1
 13:   0.7240  0.2760  1
 14:   0.4570  0.5430  1
 15:   0.8030  0.1970  1
 16:   0.6810  0.3190  1
 17:   0.1870  0.8130  1
 18:   0.3540  0.6460  1
 19:   0.9460  0.0540  1
 20:   0.7840  0.2160  1
 21:   0.5860  0.4140  1
 22:   0.1960  0.8040  1
 23:   0.6220  0.3780  1
 24:   0.5460  0.4540  1
 25:   0.8370  0.1630  1
 26:   0.1470  0.8530  1
 27:   0.3750  0.6250  1
 28:   0.1270  0.8730  1
 29:   0.7820  0.2180  1
 30:   0.7010  0.2990  1
 31:   0.3170  0.6830  1
 32:   0.0150  0.9850  1
 33:   0.6160  0.3840  1
 34:   0.1640  0.8360  1
 35:   0.9330  0.0670  1
 36:   0.8980  0.1020  1
 37:   0.0760  0.9240  1
 38:   0.1620  0.8380  1
 39:   0.1030  0.8970  1
 40:   0.7870  0.2130  1
 41:   0.9760  0.0240  1
 42:   0.8600  0.1400  1
 43:   0.4920  0.5080  1
 44:   0.1450  0.8550  1
 45:   0.0440  0.9560  1
 46:   0.6880  0.3120  1
 47:   0.6160  0.3840  1
 48:   0.5060  0.4940  1
 49:   0.7900  0.2100  1
 50:   0.1830  0.8170  1
 51:   0.8340  0.1660  1
 52:   0.0730  0.9270  1
 53:   0.5880  0.4120  1
 54:   0.4670  0.5330  1
 55:   0.6860  0.3140  1
 56:   0.6610  0.3390  1
 57:   0.4850  0.5150  1
 58:   0.7050  0.2950  1
 59:   0.5970  0.4030  1
 60:   0.7170  0.2830  1
 61:   0.3180  0.6820  1
 62:   0.4550  0.5450  1
 63:   0.5810  0.4190  1
 64:   0.8310  0.1690  1
 65:   0.5580  0.4420  1
 66:   0.9600  0.0400  1
 67:   0.4970  0.5030  1
 68:   0.0860  0.9140  1
 69:   0.2810  0.7190  1
 70:   0.3560  0.6440  1
 71:   0.2910  0.7090  1
 72:   0.4230  0.5770  1
 73:   0.0250  0.9750  1
 74:   0.3500  0.6500  1
 75:   0.4210  0.5790  1
 76:   0.4550  0.5450  1
 77:   0.3470  0.6530  1
 78:   0.9200  0.0800  1
 79:   0.9570  0.0430  1
 80:   0.9020  0.0980  1
 81:   0.4330  0.5670  1
 82:   0.6950  0.3050  1
 83:   0.2460  0.7540  1
 84:   0.3700  0.6300  1
 85:   0.3940  0.6060  1
 86:   0.3050  0.6950  1
 87:   0.5120  0.4880  1
 88:   0.3160  0.6840  1
 89:   0.3510  0.6490  1
 90:   0.9490  0.0510  1
 91:   0.8240  0.1760  1
 92:   0.4410  0.5590  1
 93:   0.9180  0.0820  1
 94:   0.5670  0.4330  1
 95:   0.3460  0.6540  1
 96:   0.8760  0.1240  1
 97:   0.3530  0.6470  1
 98:   0.1870  0.8130  1
 99:   0.0300  0.9700  1
100:   0.5920  0.4080  1
101:   0.3790  0.6210  1
102:   0.0430  0.9570  1
103:   0.0780  0.9220  1
104:   0.2350  0.7650  1
105:   0.7490  0.2510  1
106:   0.1730  0.8270  1
107:   0.2020  0.7980  1
108:   0.3210  0.6790  1
109:   0.6980  0.3020  1
110:   0.1230  0.8770  1
111:   0.3630  0.6370  1
112:   0.8730  0.1270  1
113:   0.8120  0.1880  1
114:   0.0890  0.9110  1
115:   0.3980  0.6020  1
116:   0.6850  0.3150  1
117:   0.4300  0.5700  1
118:   0.4950  0.5050  1
119:   0.6210  0.3790  1
120:   0.8300  0.1700  1
121:   0.3450  0.6550  1
122:   0.1450  0.8550  1
123:   0.0700  0.9300  1
124:   0.3570  0.6430  1
125:   0.5810  0.4190  1
126:   0.9630  0.0370  1
127:   0.4440  0.5560  1
128:   0.1650  0.8350  1
129:   0.5060  0.4940  1
130:   0.3610  0.6390  1
131:   0.6630  0.3370  1

  1:   0.9400  0.0600  1
  2:   0.3830  0.6170  1
  3:   0.1510  0.8490  1
  4:   0.0320  0.9680  1
  5:   0.0200  0.9800  1
  6:   0.4630  0.5370  1
  7:   0.7500  0.2500  1
  8:   0.8380  0.1620  1
  9:   0.0510  0.9490  1
 10:   0.9290  0.0710  1
 11:   0.3890  0.6110  1
 12:   0.6400  0.3600  1
 13:   0.7240  0.2760  1
 14:   0.4570  0.5430  1
 15:   0.8030  0.1970  1
 16:   0.6810  0.3190  1
 17:   0.1870  0.8130  1
 18:   0.3540  0.6460  1
 19:   0.9460  0.0540  1
 20:   0.7840  0.2160  1
 21:   0.5860  0.4140  1
 22:   0.1960  0.8040  1
 23:   0.6220  0.3780  1
 24:   0.5460  0.4540  1
 25:   0.8370  0.1630  1
 26:   0.1470  0.8530  1
 27:   0.3750  0.6250  1
 28:   0.1270  0.8730  1
 29:   0.7820  0.2180  1
 30:   0.7010  0.2990  1
 31:   0.3170  0.6830  1
 32:   0.0150  0.9850  1
 33:   0.6160  0.3840  1
 34:   0.1640  0.8360  1
 35:   0.9330  0.0670  1
 36:   0.8980  0.1020  1
 37:   0.0760  0.9240  1
 38:   0.1620  0.8380  1
 39:   0.1030  0.8970  1
 40:   0.7870  0.2130  1
 41:   0.9760  0.0240  1
 42:   0.8600  0.1400  1
 43:   0.4920  0.5080  1
 44:   0.1450  0.8550  1
 45:   0.0440  0.9560  1
 46:   0.6880  0.3120  1
 47:   0.6160  0.3840  1
 48:   0.5060  0.4940  1
 49:   0.7900  0.2100  1
 50:   0.1830  0.8170  1
 51:   0.8340  0.1660  1
 52:   0.0730  0.9270  1
 53:   0.5880  0.4120  1
 54:   0.4670  0.5330  1
 55:   0.6860  0.3140  1
 56:   0.6610  0.3390  1
 57:   0.4850  0.5150  1
 58:   0.7050  0.2950  1
 59:   0.5970  0.4030  1
 60:   0.7170  0.2830  1
 61:   0.3180  0.6820  1
 62:   0.4550  0.5450  1
 63:   0.5810  0.4190  1
 64:   0.8310  0.1690  1
 65:   0.5580  0.4420  1
 66:   0.9600  0.0400  1
 67:   0.4970  0.5030  1
 68:   0.0860  0.9140  1
 69:   0.2810  0.7190  1
 70:   0.3560  0.6440  1
 71:   0.2910  0.7090  1
 72:   0.4230  0.5770  1
 73:   0.0250  0.9750  1
 74:   0.3500  0.6500  1
 75:   0.4210  0.5790  1
 76:   0.4550  0.5450  1
 77:   0.3470  0.6530  1
 78:   0.9200  0.0800  1
 79:   0.9570  0.0430  1
 80:   0.9020  0.0980  1
 81:   0.4330  0.5670  1
 82:   0.6950  0.3050  1
 83:   0.2460  0.7540  1
 84:   0.3700  0.6300  1
 85:   0.3940  0.6060  1
 86:   0.3050  0.6950  1
 87:   0.5120  0.4880  1
 88:   0.3160  0.6840  1
 89:   0.3510  0.6490  1
 90:   0.9490  0.0510  1
 91:   0.8240  0.1760  1
 92:   0.4410  0.5590  1
 93:   0.9180  0.0820  1
 94:   0.5670  0.4330  1
 95:   0.3460  0.6540  1
 96:   0.8760  0.1240  1
 97:   0.3530  0.6470  1
 98:   0.1870  0.8130  1
 99:   0.0300  0.9700  1
100:   0.5920  0.4080  1
101:   0.3790  0.6210  1
102:   0.0430  0.9570  1
103:   0.0780  0.9220  1
104:   0.2350  0.7650  1
105:   0.7490  0.2510  1
106:   0.1730  0.8270  1
107:   0.2020  0.7980  1
108:   0.3210  0.6790  1
109:   0.6980  0.3020  1
110:   0.1230  0.8770  1
111:   0.3630  0.6370  1
112:   0.8730  0.1270  1
113:   0.8120  0.1880  1
114:   0.0890  0.9110  1
115:   0.3980  0.6020  1
116:   0.6850  0.3150  1
117:   0.4300  0.5700  1
118:   0.4950  0.5050  1
119:   0.6210  0.3790  1
120:   0.8300  0.1700  1
121:   0.3450  0.6550  1
122:   0.1450  0.8550  1
123:   0.0700  0.9300  1
124:   0.3570  0.6430  1
125:   0.5810  0.4190  1
126:   0.9630  0.0370  1
127:   0.4440  0.5560  1
128:   0.1650  0.8350  1
129:   0.5060  0.4940  1
130:   0.3610  0.6390  1
131:   0.6630  0.3370  1

